15
30
-9868951;-9868951;-9868951;-9868951;-9868951;-9868951;-9868951;-9868951;-9868951;-9868951;-9868951;-9868951;-9868951;-9868951;-9868951;-9868951;-9868951;-9868951;-9868951;-9868951;-9868951;-9868951;-9868951;-9868951;-9868951;-9868951;-9868951;-9868951;-9868951;-9868951;
-9868951;-1;-1;-1;-1;-1;-1;-1;-1;-9868951;-1;-1;-1;-1;-1;-1;-1;-9868951;-1;-1;-1;-1;-1;-1;-1;-1;-1;-1;-1;-9868951;
-9868951;-1;-1;-1;-1;-1;-1;-1;-9868951;-1;-1;-1;-1;-1;-1;-1;-1;-9868951;-1;-1;-1;-1;-1;-1;-1;-1;-1;-1;-1;-9868951;
-9868951;-1;-1;-1;-1;-1;-1;-1;-9868951;-1;-1;-1;-1;-1;-1;-1;-1;-9868951;-1;-1;-1;-1;-1;-9868951;-1;-1;-1;-1;-1;-9868951;
-9868951;-1;-1;-1;-9868951;-1;-1;-9868951;-1;-1;-1;-1;-1;-1;-1;-1;-9868951;-1;-1;-1;-1;-1;-1;-9868951;-1;-1;-1;-1;-1;-9868951;
-9868951;-1;-1;-1;-1;-9868951;-1;-9868951;-1;-1;-9868951;-9868951;-9868951;-9868951;-9868951;-9868951;-9868951;-1;-1;-1;-1;-1;-1;-1;-9868951;-1;-1;-1;-1;-9868951;
-9868951;-1;-1;-1;-1;-9868951;-9868951;-1;-1;-1;-1;-1;-1;-1;-1;-1;-1;-1;-1;-1;-1;-1;-1;-1;-9868951;-1;-1;-1;-1;-9868951;
-9868951;-1;-1;-1;-1;-1;-9868951;-1;-1;-1;-1;-1;-1;-1;-1;-1;-1;-1;-1;-1;-1;-1;-1;-1;-1;-9868951;-9868951;-9868951;-9868951;-9868951;
-9868951;-1;-1;-1;-1;-9868951;-1;-1;-1;-1;-1;-1;-1;-1;-1;-1;-1;-1;-1;-1;-1;-1;-1;-1;-1;-1;-1;-1;-1;-9868951;
-9868951;-1;-1;-9868951;-9868951;-9868951;-1;-1;-1;-1;-1;-1;-1;-1;-1;-1;-1;-1;-1;-1;-1;-1;-1;-1;-1;-1;-1;-1;-1;-9868951;
-9868951;-1;-1;-1;-1;-1;-1;-1;-1;-1;-1;-1;-1;-1;-1;-1;-1;-9868951;-1;-1;-1;-9868951;-1;-1;-1;-1;-1;-9868951;-1;-9868951;
-9868951;-1;-1;-1;-1;-1;-1;-1;-1;-1;-1;-1;-1;-1;-1;-1;-1;-9868951;-1;-1;-1;-1;-9868951;-1;-1;-1;-1;-9868951;-1;-9868951;
-9868951;-1;-1;-1;-1;-1;-1;-1;-1;-1;-1;-1;-1;-1;-1;-1;-1;-9868951;-1;-1;-1;-1;-9868951;-1;-1;-1;-1;-9868951;-1;-9868951;
-9868951;-1;-1;-1;-1;-1;-1;-9868951;-9868951;-9868951;-1;-1;-1;-1;-1;-1;-1;-9868951;-1;-1;-1;-1;-1;-9868951;-1;-1;-1;-9868951;-1;-9868951;
-9868951;-1;-1;-9868951;-1;-1;-9868951;-1;-1;-9868951;-1;-1;-1;-1;-1;-1;-1;-9868951;-1;-1;-1;-1;-1;-9868951;-1;-1;-1;-9868951;-1;-9868951;
-9868951;-1;-1;-1;-9868951;-9868951;-9868951;-1;-1;-1;-9868951;-1;-1;-1;-1;-1;-1;-9868951;-1;-1;-1;-1;-1;-1;-9868951;-9868951;-9868951;-9868951;-9868951;-9868951;
-9868951;-1;-1;-1;-1;-1;-1;-1;-1;-1;-9868951;-9868951;-9868951;-9868951;-9868951;-9868951;-9868951;-9868951;-9868951;-9868951;-1;-1;-1;-1;-1;-1;-1;-1;-1;-9868951;
-9868951;-1;-1;-1;-1;-1;-1;-1;-1;-1;-1;-1;-1;-1;-1;-1;-1;-1;-1;-1;-1;-1;-1;-1;-1;-1;-1;-1;-1;-9868951;
-9868951;-9868951;-1;-1;-1;-1;-1;-1;-1;-1;-1;-1;-1;-1;-1;-1;-1;-1;-1;-1;-1;-1;-1;-1;-1;-1;-1;-1;-1;-9868951;
-9868951;-1;-9868951;-1;-1;-1;-1;-1;-1;-1;-1;-1;-1;-1;-1;-1;-1;-1;-1;-1;-1;-16776961;-1;-1;-1;-1;-1;-1;-1;-9868951;
-9868951;-1;-9868951;-1;-1;-1;-1;-1;-1;-1;-1;-1;-1;-1;-1;-1;-9868951;-1;-1;-1;-1;-1;-1;-1;-1;-1;-1;-1;-1;-9868951;
-9868951;-1;-1;-9868951;-9868951;-1;-1;-1;-1;-1;-1;-1;-1;-1;-1;-9868951;-9868951;-1;-1;-1;-1;-1;-1;-1;-1;-1;-1;-1;-1;-9868951;
-9868951;-1;-1;-1;-9868951;-9868951;-1;-1;-1;-1;-1;-1;-1;-1;-9868951;-1;-1;-1;-1;-1;-1;-1;-1;-1;-1;-1;-1;-1;-1;-9868951;
-9868951;-1;-1;-1;-1;-1;-9868951;-9868951;-1;-1;-1;-1;-1;-1;-9868951;-1;-1;-1;-1;-1;-9868951;-9868951;-1;-1;-1;-1;-1;-1;-1;-9868951;
-9868951;-1;-1;-1;-1;-1;-1;-9868951;-1;-1;-1;-9868951;-9868951;-9868951;-1;-1;-1;-1;-1;-9868951;-1;-9868951;-9868951;-9868951;-1;-1;-1;-1;-1;-9868951;
-9868951;-1;-1;-1;-1;-1;-1;-1;-1;-1;-1;-9868951;-1;-1;-1;-1;-1;-1;-1;-1;-9868951;-1;-1;-1;-9868951;-9868951;-9868951;-9868951;-1;-9868951;
-9868951;-1;-1;-1;-1;-1;-1;-1;-1;-1;-9868951;-1;-1;-1;-1;-1;-1;-1;-1;-1;-9868951;-1;-1;-1;-1;-1;-1;-1;-1;-9868951;
-9868951;-1;-1;-1;-1;-1;-1;-1;-1;-1;-9868951;-1;-1;-1;-1;-1;-1;-1;-1;-1;-1;-9868951;-1;-1;-1;-1;-1;-1;-1;-9868951;
-9868951;-1;-1;-1;-1;-1;-1;-1;-1;-1;-1;-1;-1;-1;-1;-1;-1;-1;-1;-1;-1;-9868951;-1;-1;-1;-1;-1;-1;-1;-9868951;
-9868951;-9868951;-9868951;-9868951;-9868951;-9868951;-9868951;-9868951;-9868951;-9868951;-9868951;-9868951;-9868951;-9868951;-9868951;-9868951;-9868951;-9868951;-9868951;-9868951;-9868951;-9868951;-9868951;-9868951;-9868951;-9868951;-9868951;-9868951;-9868951;-9868951;
4
9;16;5;4
23;3;5;4
10;23;5;1
25;18;5;1
19;21
